0.000000000000000000e+00 5.315436241610738577e+00 9.222496644295302758e+03 1.641046979865771846e+03 1.358973019233367802e-02 1.608516420701770642e+02
5.000000000000000000e-01 1.154362416107382661e+00 9.982577181208052934e+03 2.496563758389261693e+03 6.696635286698797125e-04 2.457085716859601365e-02
1.000000000000000000e+00 1.248322147651006686e+00 9.985087248322148298e+03 2.498187919463087383e+03 9.981532363407053573e-04 1.811377865861897671e-03
1.500000000000000000e+00 1.114093959731543571e+00 9.988744966442953228e+03 2.498510067114093999e+03 6.954641682807080746e-04 1.120093689473447042e-03
2.000000000000000000e+00 1.248322147651006686e+00 9.983812080536912617e+03 2.497973154362416153e+03 8.263411558037924700e-04 1.739309040133326864e-03
2.500000000000000000e+00 1.033557046979865834e+00 9.987818791946308920e+03 2.498348993288590464e+03 6.143146705103373845e-04 1.325778118102788295e-03
3.000000000000000000e+00 1.342281879194630934e+00 9.983167785234898474e+03 2.498013422818792151e+03 9.330030178820773951e-04 2.007981622449439476e-03
3.500000000000000000e+00 8.724832214765100291e-01 9.990087248322148298e+03 2.498590604026845540e+03 5.653078690149094306e-04 1.192018377550560894e-03
4.000000000000000000e+00 1.221476510067114107e+00 9.986899328859060915e+03 2.498295302013422770e+03 6.810504031349939131e-04 1.232232782307103201e-03
4.500000000000000000e+00 1.261744966442952975e+00 9.985691275167784625e+03 2.498255033557046772e+03 8.880320706274492807e-04 1.767271744516012372e-03
5.000000000000000000e+00 1.154362416107382661e+00 9.987167785234898474e+03 2.498255033557046772e+03 7.985225890725642425e-04 2.003513355254267578e-03
5.500000000000000000e+00 1.114093959731543571e+00 9.987684563758390141e+03 2.498429530201342459e+03 6.954641682807079662e-04 1.751704878158641702e-03
6.000000000000000000e+00 1.181208053691275239e+00 9.986308724832215375e+03 2.498335570469798768e+03 8.163956578532498808e-04 1.426097923516958521e-03
6.500000000000000000e+00 1.302013422818791843e+00 9.981966442953020305e+03 2.498026845637583847e+03 7.930453583171929001e-04 1.374208368992387453e-03
7.000000000000000000e+00 1.033557046979865834e+00 9.988818791946308920e+03 2.498671140939597535e+03 6.572676906445654166e-04 1.194324579973874995e-03
7.500000000000000000e+00 1.154362416107382661e+00 9.985409395973154460e+03 2.498174496644295232e+03 6.267105085356514636e-04 1.330102247646502804e-03
8.000000000000000000e+00 1.194630872483221529e+00 9.983838926174496009e+03 2.498026845637583847e+03 7.929012206657358366e-04 1.825215080401783362e-03
8.500000000000000000e+00 1.382550335570469802e+00 9.985872483221475704e+03 2.498000000000000000e+03 1.093139948650961738e-03 1.675167785234899431e-03
9.000000000000000000e+00 1.194630872483221529e+00 9.986751677852349530e+03 2.498107382550335387e+03 7.069951803972793387e-04 1.391360749515787448e-03
9.500000000000000000e+00 1.167785234899328950e+00 9.985979865771812911e+03 2.498402684563758612e+03 8.612224674564208232e-04 1.674735372280527915e-03
1.000000000000000000e+01 1.369127516778523512e+00 9.981530201342282453e+03 2.498120805369127538e+03 8.609341921535063709e-04 1.272014774109274425e-03
